0, 0, 3272, 2
1, 32, 126, 2
2, 28237, 33517, 2
3, 1088, 5378, 2
4, 28043, 34573, 2
5, 1056, 4158, 2
6, 30513, 33549, 2
7, 27873, 34605, 2
8, 134, 140, 2
9, 178, 308, 2
10, 3290, 10913, 2
11, 7631, 7637, 2
12, 6302, 11846, 2
13, 13898, 15839, 2
14, 15949, 16847, 2
15, 12495, 18347, 2
16, 13886, 20665, 2
17, 18748, 25884, 2
18, 29171, 29176, 2
19, 33634, 33694, 2
20, 34435, 34497, 2
21, 151, 288, 2
22, 412, 579, 2
23, 491, 3629, 2
24, 531, 535, 2
25, 774, 845, 2
26, 915, 4347, 2
27, 3248, 5432, 2
28, 6864, 8844, 2
29, 7226, 10625, 2
30, 7919, 12385, 2
31, 9771, 11880, 2
32, 6072, 10428, 2
33, 11187, 15246, 2
34, 7619, 14876, 2
35, 14885, 15983, 2
36, 16588, 18724, 2
37, 12925, 16797, 2
38, 17203, 23022, 2
39, 19732, 20694, 2
40, 20394, 24640, 2
41, 20709, 24824, 2
42, 15586, 22461, 2
43, 22653, 29183, 2
44, 19018, 23913, 2
45, 21923, 26191, 2
46, 31965, 32097, 2
47, 32407, 34457, 2
48, 33951, 34022, 2
49, 33831, 34002, 2
50, 34027, 34193, 2
51, 34148, 34280, 2
52, 34239, 34267, 2
53, 34445, 34515, 2
54, 270, 2475, 2
55, 449, 519, 2
56, 539, 671, 2
57, 657, 686, 2
58, 733, 865, 2
59, 803, 907, 2
60, 998, 4330, 2
61, 662, 5907, 2
62, 6698, 11054, 2
63, 3761, 8084, 2
64, 8687, 8692, 2
65, 8714, 14891, 2
66, 9820, 13928, 2
67, 14366, 14476, 2
68, 14901, 14907, 2
69, 19710, 22609, 2
70, 19720, 26916, 2
71, 20152, 22220, 2
72, 21637, 25869, 2
73, 20559, 22596, 2
74, 23723, 23730, 2
75, 26966, 32411, 2
76, 26977, 31327, 2
77, 27775, 32164, 2
78, 25464, 28533, 2
79, 31345, 33621, 2
80, 31367, 33639, 2
81, 33676, 33811, 2
82, 34031, 34135, 2
83, 34197, 34329, 2
84, 34251, 34386, 2
85, 13, 3286, 2
86, 259, 2408, 2
87, 794, 4026, 2
88, 820, 985, 2
89, 3295, 9829, 2
90, 9787, 9791, 2
91, 14880, 15751, 2
92, 19227, 24243, 2
93, 19822, 23815, 2
94, 20721, 28170, 2
95, 25234, 29656, 2
96, 29788, 34012, 2
97, 33784, 33823, 2
98, 33805, 33943, 2
99, 34440, 34601, 2
100, 3432, 4356, 2
101, 26962, 30225, 2
102, 791, 923, 2
103, 30547, 33649, 2
104, 399, 403, 2
105, 34189, 34324, 2
106, 11238, 11242, 2
107, 16203, 22979, 2
108, 23243, 23375, 2
109, 11234, 11263, 2
110, 23198, 23330, 2
111, 11593, 15498, 2
112, 11638, 15510, 2
113, 18127, 23000, 2
114, 11440, 11634, 2
115, 19261, 19382, 2
116, 19370, 23368, 2
117, 11428, 11630, 2
118, 22971, 22975, 2
119, 15503, 19376, 2
120, 23202, 23206, 2
122, 0, 4356, 2
123, 3272, 4356, 2
124, 32, 3295, 2
125, 126, 3295, 2
126, 26986, 33517, 2
127, 26986, 28237, 2
128, 1088, 3262, 2
129, 3262, 5378, 2
130, 29029, 34573, 2
131, 28043, 29029, 2
132, 1056, 5414, 2
133, 4158, 5414, 2
134, 33549, 33676, 2
135, 30513, 33676, 2
136, 26916, 34605, 2
137, 26916, 27873, 2
138, 134, 270, 2
139, 140, 270, 2
140, 3290, 9820, 2
141, 9820, 10913, 2
142, 7631, 13928, 2
143, 7637, 13928, 2
144, 10625, 11846, 2
145, 6302, 10625, 2
146, 15839, 19710, 2
147, 13898, 19710, 2
148, 9829, 16847, 2
149, 9829, 15949, 2
150, 15586, 18347, 2
151, 12495, 15586, 2
152, 16797, 20665, 2
153, 13886, 16797, 2
154, 19710, 25884, 2
155, 18748, 19710, 2
156, 29171, 33530, 2
157, 29176, 33530, 2
158, 33694, 33827, 2
159, 33634, 33827, 2
160, 34329, 34497, 2
161, 34329, 34435, 2
162, 151, 283, 2
163, 283, 288, 2
164, 412, 449, 2
165, 449, 579, 2
166, 259, 491, 2
167, 259, 3629, 2
168, 531, 733, 2
169, 535, 733, 2
170, 774, 907, 2
171, 845, 907, 2
172, 915, 985, 2
173, 985, 4347, 2
174, 3248, 9787, 2
175, 5432, 9787, 2
176, 6864, 11187, 2
177, 8844, 11187, 2
178, 6302, 7226, 2
179, 7919, 8084, 2
180, 8084, 12385, 2
181, 9771, 13886, 2
182, 11880, 13886, 2
183, 10428, 10626, 2
184, 6072, 10626, 2
185, 11187, 15983, 2
186, 15246, 15983, 2
187, 9791, 14876, 2
188, 7619, 9791, 2
189, 8844, 15983, 2
190, 8844, 14885, 2
191, 11880, 16588, 2
192, 11880, 18724, 2
193, 12925, 13886, 2
194, 17203, 19018, 2
195, 19018, 23022, 2
196, 14891, 19732, 2
197, 14891, 20694, 2
198, 20394, 27775, 2
199, 24640, 27775, 2
200, 20709, 23730, 2
201, 23730, 24824, 2
202, 15751, 22461, 2
203, 15586, 15751, 2
204, 22653, 24824, 2
205, 24824, 29183, 2
206, 23022, 23913, 2
207, 26191, 28237, 2
208, 21923, 28237, 2
209, 25464, 31965, 2
210, 25464, 32097, 2
211, 32407, 32411, 2
212, 32411, 34457, 2
213, 33951, 34148, 2
214, 34022, 34148, 2
215, 33805, 34002, 2
216, 33805, 33831, 2
217, 34027, 34031, 2
218, 34031, 34193, 2
219, 34148, 34177, 2
220, 34177, 34280, 2
221, 34267, 34435, 2
222, 34239, 34435, 2
223, 34386, 34445, 2
224, 34386, 34515, 2
225, 134, 2475, 2
226, 519, 579, 2
227, 539, 579, 2
228, 579, 671, 2
229, 491, 657, 2
230, 491, 686, 2
231, 733, 794, 2
232, 794, 865, 2
233, 774, 803, 2
234, 998, 3248, 2
235, 3248, 4330, 2
236, 531, 5907, 2
237, 531, 662, 2
238, 6698, 7919, 2
239, 7919, 11054, 2
240, 3629, 8084, 2
241, 3629, 3761, 2
242, 8692, 12925, 2
243, 8687, 12925, 2
244, 7631, 8714, 2
245, 7631, 14891, 2
246, 7637, 9820, 2
247, 10428, 14476, 2
248, 10428, 14366, 2
249, 10913, 14901, 2
250, 10913, 14907, 2
251, 17769, 19710, 2
252, 17769, 22609, 2
253, 19720, 22461, 2
254, 22461, 26916, 2
255, 18304, 20152, 2
256, 18304, 22220, 2
257, 20665, 21637, 2
258, 20665, 25869, 2
259, 18724, 22596, 2
260, 18724, 20559, 2
261, 19732, 23723, 2
262, 19732, 23730, 2
263, 26966, 32407, 2
264, 25884, 26977, 2
265, 25884, 31327, 2
266, 27775, 29029, 2
267, 29029, 32164, 2
268, 28533, 31965, 2
269, 31345, 33517, 2
270, 33517, 33621, 2
271, 29183, 31367, 2
272, 29183, 33639, 2
273, 30513, 33811, 2
274, 34002, 34135, 2
275, 34002, 34031, 2
276, 34193, 34329, 2
277, 34193, 34197, 2
278, 34189, 34386, 2
279, 34189, 34251, 2
280, 13, 7637, 2
281, 3286, 7637, 2
282, 2408, 3629, 2
283, 662, 794, 2
284, 662, 4026, 2
285, 820, 915, 2
286, 3290, 3295, 2
287, 3290, 9829, 2
288, 9791, 15839, 2
289, 9787, 15839, 2
290, 11846, 14880, 2
291, 11846, 15751, 2
292, 19227, 23022, 2
293, 23022, 24243, 2
294, 19822, 20694, 2
295, 20694, 23815, 2
296, 20721, 23913, 2
297, 23913, 28170, 2
298, 25234, 26191, 2
299, 26191, 29656, 2
300, 29656, 29788, 2
301, 29656, 34012, 2
302, 33784, 33951, 2
303, 33823, 33951, 2
304, 33943, 34002, 2
305, 34601, 34605, 2
306, 34440, 34605, 2
307, 3432, 8844, 2
308, 4356, 8844, 2
309, 26962, 32407, 2
310, 30225, 32407, 2
311, 791, 6302, 2
312, 923, 6302, 2
313, 28237, 33649, 2
314, 28237, 30547, 2
315, 399, 531, 2
316, 403, 531, 2
317, 34189, 34193, 2
318, 34193, 34324, 2
319, 11242, 16203, 2
320, 11238, 16203, 2
321, 17166, 22979, 2
322, 16203, 17166, 2
323, 19382, 23375, 2
324, 19382, 23243, 2
325, 11263, 18127, 2
326, 11234, 18127, 2
327, 19370, 23330, 2
328, 19370, 23198, 2
329, 11593, 11630, 2
330, 11630, 15498, 2
331, 11638, 15389, 2
332, 15389, 15510, 2
333, 22971, 23000, 2
334, 18127, 22971, 2
335, 15510, 19382, 2
336, 15510, 19261, 2
337, 23330, 23368, 2
338, 11428, 11593, 2
339, 17166, 22971, 2
340, 17166, 22975, 2
341, 15503, 15510, 2
342, 15510, 19376, 2
343, 23202, 23368, 2
344, 23206, 23368, 2
345, 31367, 33549, 2
346, 31367, 33676, 2
347, 13928, 14891, 2
348, 11846, 15586, 2
349, 10625, 15586, 2
350, 16797, 21637, 2
351, 15839, 18748, 2
352, 151, 178, 2
353, 178, 283, 2
354, 288, 449, 2
355, 283, 449, 2
356, 283, 412, 2
357, 288, 491, 2
358, 259, 288, 2
359, 845, 1010, 2
360, 907, 1010, 2
361, 3262, 4347, 2
362, 985, 3262, 2
363, 791, 7226, 2
364, 3629, 7919, 2
365, 12385, 12495, 2
366, 8084, 12495, 2
367, 15246, 21923, 2
368, 15983, 21923, 2
369, 14876, 15839, 2
370, 4347, 7619, 2
371, 4347, 9791, 2
372, 13886, 18724, 2
373, 8687, 13886, 2
374, 15113, 17203, 2
375, 15113, 19018, 2
376, 24824, 29176, 2
377, 23730, 29176, 2
378, 29176, 29183, 2
379, 23913, 30513, 2
380, 23022, 30513, 2
381, 27873, 32097, 2
382, 25464, 27873, 2
383, 31327, 34457, 2
384, 31327, 32411, 2
385, 33634, 33831, 2
386, 33634, 33805, 2
387, 32407, 34515, 2
388, 32407, 34386, 2
389, 2475, 3432, 2
390, 134, 3432, 2
391, 519, 713, 2
392, 579, 713, 2
393, 412, 539, 2
394, 671, 774, 2
395, 579, 774, 2
396, 519, 686, 2
397, 491, 519, 2
398, 671, 803, 2
399, 662, 733, 2
400, 491, 3761, 2
401, 8692, 13898, 2
402, 12925, 13898, 2
403, 3272, 8714, 2
404, 3272, 7631, 2
405, 3286, 9820, 2
406, 9820, 14901, 2
407, 9829, 14907, 2
408, 9829, 10913, 2
409, 13898, 17769, 2
410, 21637, 22609, 2
411, 17769, 21637, 2
412, 22461, 27873, 2
413, 20394, 22220, 2
414, 18304, 20394, 2
415, 22596, 25869, 2
416, 20665, 22596, 2
417, 18724, 20665, 2
418, 16588, 20559, 2
419, 20694, 23723, 2
420, 18769, 23730, 2
421, 18769, 19732, 2
422, 26962, 26966, 2
423, 19720, 26977, 2
424, 19720, 25884, 2
425, 26966, 31327, 2
426, 25884, 26966, 2
427, 24640, 29029, 2
428, 32164, 34573, 2
429, 28533, 33943, 2
430, 31965, 33943, 2
431, 33634, 33639, 2
432, 29183, 33634, 2
433, 33811, 33943, 2
434, 30513, 33943, 2
435, 33831, 34031, 2
436, 13, 2187, 2
437, 2187, 7637, 2
438, 2408, 7919, 2
439, 4026, 6072, 2
440, 662, 6072, 2
441, 686, 820, 2
442, 686, 915, 2
443, 9787, 13898, 2
444, 7619, 14880, 2
445, 7619, 11846, 2
446, 17203, 19227, 2
447, 24243, 28533, 2
448, 23022, 28533, 2
449, 14885, 19822, 2
450, 14885, 20694, 2
451, 23815, 26986, 2
452, 20694, 26986, 2
453, 28170, 30513, 2
454, 22220, 29788, 2
455, 22220, 29656, 2
456, 30547, 34012, 2
457, 29656, 30547, 2
458, 33823, 34022, 2
459, 33943, 34107, 2
460, 34002, 34107, 2
461, 26916, 34601, 2
462, 27873, 34440, 2
463, 3432, 6864, 2
464, 4356, 8714, 2
465, 8714, 8844, 2
466, 30225, 34515, 2
467, 923, 5378, 2
468, 5378, 6302, 2
469, 33517, 33649, 2
470, 26191, 30547, 2
471, 399, 5907, 2
472, 403, 535, 2
473, 34027, 34189, 2
474, 34324, 34329, 2
475, 16334, 23198, 2
476, 16334, 19370, 2
477, 15498, 15503, 2
478, 11630, 15503, 2
479, 23202, 23330, 2
480, 11428, 16334, 2
481, 11593, 16334, 2
482, 17166, 18127, 2
483, 22975, 22979, 2
484, 11634, 15503, 2
485, 11634, 15510, 2
486, 19376, 19382, 2
487, 23206, 23243, 2
488, 23243, 23368, 2
489, 28170, 33549, 2
490, 28170, 31367, 2
491, 33639, 33676, 2
492, 13928, 19732, 2
493, 10625, 12495, 2
494, 16797, 17769, 2
495, 14876, 18748, 2
496, 13, 151, 2
497, 13, 178, 2
498, 288, 519, 2
499, 126, 259, 2
500, 126, 288, 2
501, 845, 915, 2
502, 915, 1010, 2
503, 907, 3248, 2
504, 1010, 3248, 2
505, 3262, 7619, 2
506, 985, 1088, 2
507, 657, 7226, 2
508, 657, 791, 2
509, 7226, 8084, 2
510, 7226, 12495, 2
511, 15246, 20152, 2
512, 20152, 21923, 2
513, 15983, 19822, 2
514, 19822, 21923, 2
515, 5432, 9791, 2
516, 4347, 5432, 2
517, 8687, 9771, 2
518, 12385, 17203, 2
519, 12385, 15113, 2
520, 15949, 19018, 2
521, 15113, 15949, 2
522, 29176, 33634, 2
523, 28533, 30513, 2
524, 32097, 34440, 2
525, 21361, 25464, 2
526, 21361, 27873, 2
527, 34457, 34497, 2
528, 31327, 34497, 2
529, 33827, 33831, 2
530, 33639, 33805, 2
531, 34386, 34457, 2
532, 2475, 6864, 2
533, 686, 713, 2
534, 713, 774, 2
535, 308, 539, 2
536, 308, 412, 2
537, 733, 803, 2
538, 671, 733, 2
539, 657, 3761, 2
540, 8692, 9787, 2
541, 13898, 16797, 2
542, 2187, 7631, 2
543, 2187, 3272, 2
544, 3286, 3290, 2
545, 13928, 14901, 2
546, 14907, 16847, 2
547, 22609, 26962, 2
548, 21637, 26962, 2
549, 21361, 22461, 2
550, 22220, 27775, 2
551, 25869, 28043, 2
552, 22596, 28043, 2
553, 20394, 20559, 2
554, 16588, 20394, 2
555, 23723, 26986, 2
556, 18769, 20709, 2
557, 13928, 18769, 2
558, 22609, 26966, 2
559, 26916, 26977, 2
560, 18748, 19720, 2
561, 22596, 29029, 2
562, 22596, 24640, 2
563, 32164, 34445, 2
564, 34445, 34573, 2
565, 31965, 34107, 2
566, 33805, 33811, 2
567, 33831, 34027, 2
568, 13, 140, 2
569, 140, 2187, 2
570, 2408, 6698, 2
571, 4026, 10626, 2
572, 5907, 6072, 2
573, 657, 820, 2
574, 14876, 14880, 2
575, 5378, 11846, 2
576, 5378, 7619, 2
577, 24243, 25464, 2
578, 14885, 14891, 2
579, 23815, 28237, 2
580, 27775, 29788, 2
581, 22220, 25234, 2
582, 33951, 34012, 2
583, 30547, 33951, 2
584, 33823, 33827, 2
585, 33827, 34022, 2
586, 34107, 34135, 2
587, 26977, 34601, 2
588, 30225, 32399, 2
589, 32399, 34515, 2
590, 923, 1088, 2
591, 33621, 33649, 2
592, 399, 2475, 2
593, 2475, 5907, 2
594, 403, 539, 2
595, 535, 539, 2
596, 34022, 34189, 2
597, 34022, 34027, 2
598, 34324, 34457, 2
599, 34329, 34457, 2
600, 23000, 23198, 2
601, 16334, 23000, 2
602, 15498, 19370, 2
603, 15498, 16334, 2
604, 15503, 19370, 2
605, 11630, 11634, 2
606, 23198, 23202, 2
607, 11263, 11428, 2
608, 11263, 16334, 2
609, 11234, 17166, 2
610, 22975, 23111, 2
611, 22979, 23111, 2
612, 19376, 23375, 2
613, 23368, 23375, 2
614, 27010, 31367, 2
615, 27010, 28170, 2
616, 33676, 33805, 2
617, 14880, 18748, 2
618, 151, 3286, 2
619, 140, 178, 2
620, 126, 2408, 2
621, 1010, 4347, 2
622, 907, 969, 2
623, 969, 3248, 2
624, 1010, 5432, 2
625, 923, 985, 2
626, 3761, 7226, 2
627, 791, 820, 2
628, 14366, 15246, 2
629, 14366, 20152, 2
630, 21923, 23815, 2
631, 4330, 8687, 2
632, 4330, 9771, 2
633, 11054, 15113, 2
634, 11054, 15949, 2
635, 33530, 33634, 2
636, 32097, 34239, 2
637, 34239, 34440, 2
638, 18347, 25464, 2
639, 18347, 21361, 2
640, 31327, 34601, 2
641, 34497, 34601, 2
642, 33827, 34027, 2
643, 34324, 34386, 2
644, 5907, 6864, 2
645, 713, 845, 2
646, 308, 403, 2
647, 803, 865, 2
648, 535, 671, 2
649, 3248, 8692, 2
650, 140, 3272, 2
651, 122, 3286, 2
652, 122, 3290, 2
653, 14901, 18769, 2
654, 14907, 18779, 2
655, 16847, 18779, 2
656, 25869, 26962, 2
657, 15586, 21361, 2
658, 25869, 30225, 2
659, 28043, 30225, 2
660, 20559, 24640, 2
661, 14476, 16588, 2
662, 14476, 20394, 2
663, 14901, 20709, 2
664, 14880, 19720, 2
665, 32164, 34280, 2
666, 34280, 34445, 2
667, 32399, 34573, 2
668, 32399, 34445, 2
669, 32097, 34107, 2
670, 4026, 4158, 2
671, 4158, 10626, 2
672, 6072, 10296, 2
673, 5907, 10296, 2
674, 19227, 25464, 2
675, 29788, 34177, 2
676, 27775, 34177, 2
677, 34012, 34148, 2
678, 30547, 33784, 2
679, 33694, 33823, 2
680, 34107, 34239, 2
681, 34135, 34239, 2
682, 28043, 32399, 2
683, 33649, 33784, 2
684, 33621, 33784, 2
685, 270, 399, 2
686, 23000, 23202, 2
687, 16334, 18127, 2
688, 19370, 19376, 2
689, 11401, 11630, 2
690, 11401, 11634, 2
691, 11401, 11428, 2
692, 11263, 11401, 2
693, 11238, 17166, 2
694, 11234, 11238, 2
695, 19261, 22979, 2
696, 19261, 23111, 2
697, 19376, 23368, 2
698, 27010, 29183, 2
699, 122, 151, 2
700, 32, 2408, 2
701, 969, 998, 2
702, 820, 923, 2
703, 10296, 15246, 2
704, 10296, 14366, 2
705, 4330, 8692, 2
706, 5414, 9771, 2
707, 4330, 5414, 2
708, 9829, 11054, 2
709, 33530, 33694, 2
710, 34435, 34440, 2
711, 18347, 19227, 2
712, 34435, 34601, 2
713, 6864, 10296, 2
714, 270, 308, 2
715, 270, 403, 2
716, 122, 3295, 2
717, 14901, 18779, 2
718, 10626, 16588, 2
719, 10626, 14476, 2
720, 18779, 20709, 2
721, 15751, 19720, 2
722, 32164, 34177, 2
723, 34280, 34386, 2
724, 926, 4026, 2
725, 926, 4158, 2
726, 10626, 11880, 2
727, 4158, 11880, 2
728, 10296, 10428, 2
729, 34012, 34177, 2
730, 33621, 33823, 2
731, 33621, 33694, 2
732, 11234, 11401, 2
733, 11238, 11401, 2
734, 16203, 19261, 2
735, 23111, 23243, 2
736, 19261, 23243, 2
737, 22653, 27010, 2
738, 122, 288, 2
739, 10296, 11187, 2
740, 5414, 11880, 2
741, 8744, 11054, 2
742, 8744, 9829, 2
743, 31345, 33530, 2
744, 31345, 33694, 2
745, 12495, 19227, 2
746, 18779, 24824, 2
747, 34251, 34280, 2
748, 15389, 19261, 2
749, 15389, 16203, 2
750, 29171, 31345, 2
751, 18779, 22653, 2
752, 11440, 16203, 2
753, 11440, 15389, 2
754, 11440, 11638, 2
755, 16847, 20721, 2
756, 15949, 20721, 2
757, 19854, 23913, 2
758, 19018, 19854, 2
759, 926, 998, 2
760, 926, 4330, 2
761, 34135, 34197, 2
762, 34031, 34197, 2
763, 3295, 4388, 2
764, 4388, 9829, 2
765, 22975, 23202, 2
766, 22975, 23206, 2
767, 32, 4388, 2
768, 26986, 31345, 2
769, 34267, 34329, 2
770, 19854, 20721, 2
771, 865, 998, 2
772, 865, 926, 2
773, 11634, 11638, 2
774, 140, 308, 2
775, 11242, 11401, 2
776, 11242, 11440, 2
777, 11401, 11440, 2
778, 22971, 23202, 2
779, 23111, 23206, 2
780, 134, 4356, 2
781, 0, 134, 2
782, 134, 3272, 2
783, 926, 1056, 2
784, 4388, 8744, 2
785, 6698, 8744, 2
786, 4388, 6698, 2
787, 32, 6698, 2
788, 926, 5414, 2
789, 23730, 29171, 2
790, 178, 412, 2
791, 7919, 15113, 2
792, 23723, 29171, 2
793, 34148, 34251, 2
794, 12495, 17203, 2
795, 19710, 26966, 2
796, 34022, 34251, 2
797, 26986, 29171, 2
798, 20152, 25234, 2
799, 21923, 25234, 2
800, 34135, 34267, 2
801, 34197, 34267, 2
802, 8714, 14885, 2
803, 686, 845, 2
804, 14366, 18304, 2
805, 14476, 18304, 2
806, 20721, 27010, 2
807, 20721, 22653, 2
808, 16847, 22653, 2
809, 122, 126, 2
810, 15949, 19854, 2
811, 803, 969, 2
812, 865, 969, 2
813, 794, 926, 2
