1 688 772 785
1 785 1849 772
1 2692 3292 772
1 2704 3304 785
1 4348 4728 3292
1 1849 772 3292
1 2692 772 688
1 3304 785 1849
1 4348 3292 1849
1 4728 3292 2692
1 3304 1849 4348
1 3304 4348 4728
1 3304 4728 2704
1 785 688 2704
1 688 2692 2704
1 4728 2692 2704
2 168 252 264
2 264 349 252
2 1865 2763 264
2 2172 2313 252
2 2665 4707 2172
2 3869 4232 2313
2 168 264 2665
2 349 252 2313
2 1865 264 349
2 2763 264 2665
2 2172 252 168
2 2665 2172 168
2 4707 2172 4232
2 3869 2313 349
2 4232 2313 2172
2 1865 349 3869
2 2763 2665 4707
2 4707 4232 4825
2 1865 3869 4825
2 2763 4707 4825
2 4232 4825 3869
2 1865 4825 2763
3 147 212 2649
3 243 308 1343
3 313 888 308
3 1343 2742 243
3 2164 2649 147
3 2254 2372 313
3 2654 4691 2649
3 3385 4870 2372
3 4665 5246 2742
3 4774 5691 4691
3 212 2649 2654
3 308 1343 888
3 313 308 212
3 2742 243 2164
3 2164 147 243
3 2254 313 212
3 2372 313 888
3 4691 2649 4665
3 3385 2372 888
3 4870 2372 4774
3 4665 2742 2164
3 5246 2742 3385
3 4774 4691 2654
3 5691 4691 4665
3 212 2654 2254
3 1343 888 3385
3 2649 4665 2164
3 4870 4774 5691
3 2372 4774 2254
3 5246 3385 5691
3 2742 3385 1343
3 4774 2654 2254
3 5691 4665 5246
3 4870 5691 3385
3 212 147 308
3 243 147 308
4 126 151 227
4 202 227 126
4 235 310 151
4 302 386 227
4 835 911 310
4 2381 2906 386
4 2623 2628 126
4 2633 2715 235
4 2721 4301 302
4 3315 3411 835
4 4650 5137 2628
4 5197 5311 3315
4 5309 5632 5311
4 6062 6162 4301
4 151 227 310
4 202 126 2623
4 235 151 2633
4 302 227 202
4 386 227 310
4 835 310 235
4 911 310 386
4 2381 386 302
4 2906 386 911
4 2628 126 151
4 2715 235 835
4 2721 302 202
4 4301 302 2381
4 3315 835 2715
4 3411 835 911
4 4650 2628 2633
4 5137 2628 2623
4 5197 3315 2715
4 5311 3315 3411
4 5309 5311 3411
4 5632 5311 5197
4 6062 4301 2721
4 6162 4301 5309
4 202 2623 2721
4 151 2633 2628
4 2906 911 3411
4 4650 2633 5197
4 5137 2623 2721
4 5197 2715 2633
4 5309 3411 2906
4 5632 5197 4650
4 6062 2721 5137
4 6162 5309 6062
4 5632 4650 5137
4 6062 5137 5632
4 5309 6062 5632
4 5309 2906 4301
4 2381 2906 4301
5 105 110 206
5 195 206 110
5 201 300 2700
5 289 294 195
5 385 390 289
5 1395 2276 294
5 1901 2426 385
5 2431 3876 1395
5 2602 2607 105
5 2612 2656 195
5 2700 2800 300
5 4382 4869 2426
5 4650 4736 2656
5 5105 5108 2607
5 5184 5615 5105
5 5731 5752 4869
5 195 110 2612
5 201 2700 2602
5 289 195 206
5 294 195 2276
5 385 289 300
5 390 289 294
5 1395 294 390
5 1901 385 300
5 2426 385 390
5 2431 1395 390
5 3876 1395 2276
5 2602 105 201
5 2607 105 110
5 2656 195 2276
5 2800 300 1901
5 4382 2426 1901
5 4869 2426 4931
5 4650 2656 2612
5 4736 2656 2276
5 5105 2607 2602
5 5108 2607 2612
5 5184 5105 2602
5 5615 5105 5108
5 110 2612 2607
5 2700 2602 5184
5 289 206 300
5 2426 390 2431
5 3876 2276 4736
5 2800 1901 4382
5 2426 4931 2431
5 4650 2612 5108
5 5615 5108 4650
5 2700 5184 2800
5 3876 4736 5752
5 2800 4382 6139
5 4931 2431 3876
5 5615 4650 6453
5 5184 2800 6139
5 4736 5752 6453
5 5615 6453 5731
5 4650 6453 4736
5 5184 6139 5615
5 5752 6453 5731
5 5615 5731 6139
5 300 201 206
5 105 201 206
5 4869 4382 5731
5 6139 4382 5731
5 4869 5752 4931
5 3876 5752 4931
6 84 89 185
6 134 210 89
6 180 185 84
6 235 310 210
6 280 285 180
6 335 411 310
6 381 386 285
6 1416 2953 411
6 1943 2448 386
6 2100 2585 84
6 2177 2277 235
6 2590 2595 134
6 2700 2800 280
6 3400 4444 1943
6 3877 4757 2277
6 4602 5087 2585
6 4650 4656 2590
6 4869 4949 5771
6 5173 6049 6448
6 5183 5283 2800
6 5313 5731 4869
6 5771 6966 5283
6 89 185 210
6 134 89 2590
6 180 84 2100
6 235 210 134
6 310 210 285
6 285 180 185
6 335 310 235
6 411 310 386
6 381 285 280
6 386 285 310
6 1416 411 335
6 2953 411 2448
6 1943 386 381
6 2448 386 411
6 2585 84 89
6 2177 235 134
6 2277 235 335
6 2595 134 2177
6 2700 280 180
6 2800 280 381
6 3400 1943 381
6 4444 1943 2448
6 3877 2277 335
6 4757 2277 2177
6 4602 2585 2100
6 5087 2585 2590
6 4656 2590 2595
6 4949 5771 4444
6 5183 2800 2700
6 5283 2800 3400
6 5771 5283 3400
6 6966 5283 5183
6 185 210 285
6 89 2590 2585
6 180 2100 2700
6 1416 335 3877
6 2953 2448 4949
6 2595 2177 4656
6 2800 381 3400
6 4444 2448 4949
6 4757 2177 4656
6 4602 2100 5183
6 5087 2590 4650
6 5771 4444 3400
6 5183 2700 2100
6 6966 5183 6448
6 1416 3877 2953
6 2953 4949 3877
6 4757 4656 6918
6 4602 5183 6448
6 6966 6448 6049
6 4757 6918 5313
6 4656 6918 6049
6 6966 6049 5731
6 4757 5313 3877
6 6918 5313 5731
6 4656 6049 4650
6 6918 6049 5731
6 6966 5731 5771
6 5731 5771 4869
6 4602 6448 5087
6 3877 4949 5313
6 4869 4949 5313
6 6448 5087 5173
6 6049 5173 4650
6 5087 5173 4650
7 63 68 165
7 73 170 68
7 160 165 63
7 175 270 170
7 260 265 165
7 275 358 2818
7 360 365 260
7 370 434 468
7 463 468 365
7 1618 1718 175
7 2458 2471 434
7 2560 2565 63
7 2570 3575 73
7 2660 2760 260
7 2818 4897 2458
7 2860 2960 360
7 2965 4970 2471
7 4158 5178 3575
7 4650 5068 3575
7 4869 5313 5731
7 5063 5149 2560
7 5123 5631 4650
7 5241 6454 5178
7 5243 5334 2860
7 5356 6209 4970
7 5424 5771 5334
7 5731 6975 5313
7 6427 7322 5149
7 68 165 170
7 73 68 2570
7 160 63 2560
7 175 170 73
7 270 170 265
7 260 165 160
7 265 165 170
7 365 260 265
7 370 468 365
7 434 468 2471
7 463 365 360
7 1618 175 73
7 2458 434 358
7 2565 63 68
7 3575 73 1618
7 2660 260 160
7 2760 260 360
7 2818 2458 358
7 4897 2458 2471
7 2860 360 2760
7 2960 360 463
7 2965 2471 468
7 4970 2471 4897
7 4158 3575 1618
7 5178 3575 4650
7 5068 3575 2570
7 4869 5731 5771
7 5063 2560 2565
7 5149 2560 2660
7 5123 4650 5068
7 5631 4650 6454
7 5241 5178 4158
7 6454 5178 4650
7 5243 2860 2760
7 5334 2860 2960
7 5356 4970 4897
7 6209 4970 5424
7 5424 5334 2960
7 5771 5334 7402
7 6427 5149 5063
7 7322 5149 5243
7 68 2570 2565
7 160 2560 2660
7 270 265 365
7 370 365 270
7 2960 463 2965
7 2965 468 463
7 4158 1618 1718
7 5068 2570 2565
7 4869 5771 6209
7 5731 5771 7402
7 5063 2565 5068
7 5149 2660 5243
7 5631 6454 6975
7 5241 4158 1718
7 5243 2760 2660
7 6209 5424 5771
7 4970 5424 2965
7 5424 2960 2965
7 5334 7402 5243
7 6427 5063 5068
7 7322 5243 7402
7 370 270 275
7 5631 6975 5731
7 6454 6975 7347
7 5241 1718 2818
7 6454 7347 5241
7 5241 2818 4897
7 1718 2818 275
7 5241 4897 5313
7 6427 7322 5631
7 270 175 275
7 1718 175 275
7 358 275 434
7 370 275 434
7 6209 5356 4869
7 4897 5313 5356
7 4869 5313 5356
7 5631 5123 6427
7 5068 5123 6427
7 5241 5313 7347
7 6975 5313 7347
7 7402 5731 7322
7 5631 5731 7322
8 42 47 145
8 52 117 150
8 140 145 42
8 150 215 117
8 240 245 140
8 250 315 215
8 340 345 240
8 350 415 315
8 440 445 345
8 450 1994 415
8 1259 1359 315
8 1959 3839 1359
8 2139 2555 117
8 2487 2940 445
8 2540 2545 42
8 2550 5047 2545
8 2640 2740 140
8 2840 5223 2740
8 3739 4597 2139
8 4438 4492 1994
8 4650 5052 5106
8 4869 5313 5731
8 4983 6209 4492
8 5042 5132 2540
8 5106 5603 6048
8 5319 6626 2940
8 5356 6231 6209
8 5731 5771 4869
8 6021 6048 4650
8 6077 6171 3739
8 6824 7288 5132
8 6937 7360 6021
8 7365 7405 6626
8 47 145 150
8 52 150 47
8 140 42 2540
8 215 117 1259
8 245 140 145
8 250 215 150
8 315 215 1259
8 345 240 245
8 350 315 250
8 415 315 1359
8 440 345 340
8 445 345 350
8 450 415 350
8 1994 415 1959
8 1959 1359 415
8 3839 1359 1259
8 2139 117 1259
8 2555 117 52
8 2940 445 440
8 2545 42 47
8 2550 2545 47
8 5047 2545 5042
8 2640 140 2540
8 2740 140 240
8 2840 2740 340
8 5223 2740 2640
8 3739 2139 1259
8 4597 2139 2555
8 4438 1994 1959
8 5313 5731 6937
8 4983 4492 2487
8 6209 4492 6231
8 5042 2540 2545
8 5132 2540 2640
8 5106 6048 4650
8 5319 2940 2840
8 6626 2940 4983
8 5771 4869 6209
8 6077 3739 4597
8 6171 3739 3839
8 6824 5132 5042
8 7288 5132 5223
8 6937 6021 6048
8 7360 6021 6077
8 7365 6626 5319
8 145 150 250
8 52 47 2550
8 245 145 250
8 345 245 250
8 350 250 345
8 440 340 2840
8 445 350 450
8 3839 1259 3739
8 2555 52 2550
8 2940 440 2840
8 5047 5042 6824
8 2740 240 340
8 5223 2640 5132
8 4597 2555 5052
8 4438 1959 3839
8 4983 2487 2940
8 4492 6231 4438
8 5319 2840 5223
8 6626 4983 6209
8 5771 6209 6626
8 6077 4597 6021
8 6171 3839 4438
8 7288 5223 7365
8 7360 6077 6171
8 7365 5319 5223
8 2555 2550 5052
8 6231 4438 6171
8 7288 7365 7405
8 7360 6171 7427
8 2550 5052 5047
8 6231 6171 7427
8 6824 7288 5603
8 445 2487 450
8 4492 1994 2487
8 450 1994 2487
8 4597 5052 6021
8 4650 5052 6021
8 7360 6937 7427
8 6937 5313 7427
8 6209 5356 4869
8 5356 6231 4869
8 5313 4869 7427
8 6231 4869 7427
8 5603 5106 6824
8 6626 5771 7405
8 5771 5731 7405
8 6824 5106 5047
8 5052 5106 5047
8 6937 6048 5731
8 5731 6048 7405
8 6048 5603 7405
8 7288 5603 7405
9 21 26 125
9 31 56 155
9 120 125 21
9 130 155 31
9 220 225 120
9 230 255 155
9 320 325 225
9 330 337 255
9 420 425 320
9 430 435 330
9 1119 1719 155
9 1919 2319 337
9 1983 2488 425
9 2493 3498 435
9 2520 2525 21
9 2530 2535 31
9 2620 2720 220
9 2820 2920 320
9 3599 4199 1119
9 4399 4799 2319
9 4483 4988 2488
9 4650 5106 5970
9 4869 5313 5731
9 4993 5772 3498
9 5021 5026 2525
9 5031 5056 2535
9 5117 5203 2620
9 5303 5381 2920
9 5356 6209 7055
9 5584 5970 5056
9 5603 6048 5106
9 5731 5771 4869
9 6443 6962 4199
9 6613 7787 5772
9 6703 7129 4988
9 6785 7268 5117
9 6937 7332 6048
9 7336 7405 7411
9 7678 7705 7336
9 56 155 1119
9 120 21 2520
9 225 120 125
9 230 155 130
9 255 155 1719
9 320 225 220
9 325 225 330
9 330 255 230
9 337 255 1719
9 425 320 325
9 430 330 425
9 435 330 337
9 1919 337 435
9 2319 337 1719
9 1983 425 420
9 2488 425 430
9 2493 435 430
9 3498 435 1919
9 2525 21 26
9 2530 31 26
9 2535 31 56
9 2620 220 120
9 2720 220 2820
9 2820 320 220
9 2920 320 420
9 3599 1119 2535
9 4199 1119 1719
9 4399 2319 1919
9 4799 2319 1719
9 4483 2488 1983
9 4988 2488 4993
9 5313 5731 6937
9 4993 3498 2493
9 5772 3498 4399
9 5021 2525 2520
9 5026 2525 2530
9 5031 2535 2530
9 5056 2535 3599
9 5117 2620 2520
9 5203 2620 2720
9 5303 2920 2820
9 5381 2920 4483
9 5970 5056 5031
9 6048 5106 4650
9 6443 4199 3599
9 6962 4199 4799
9 6613 5772 4399
9 6703 4988 4483
9 7129 4988 4993
9 6785 5117 5021
9 7268 5117 5203
9 7332 6048 5584
9 7336 7411 5303
9 7405 7411 6703
9 7678 7336 7268
9 7705 7336 7405
9 56 1119 2535
9 120 2520 2620
9 225 125 130
9 230 130 225
9 325 330 425
9 225 330 230
9 1983 420 2920
9 2488 430 2493
9 3498 1919 4399
9 2525 26 2530
9 2720 2820 5303
9 4199 1719 4799
9 4483 1983 2920
9 2488 4993 2493
9 5021 2520 5117
9 5026 2530 5031
9 5056 3599 6443
9 5203 2720 5303
9 5381 4483 6703
9 5970 5031 6785
9 6962 4799 6613
9 6613 4399 4799
9 7129 4993 7055
9 6785 5021 5026
9 7268 5203 7336
9 7332 5584 6443
9 7336 5303 5203
9 7411 5303 5381
9 7405 6703 5771
9 7411 6703 5381
9 7678 7268 6785
9 5026 5031 6785
9 5056 6443 5584
9 5970 6785 5106
9 6962 6613 7787
9 7129 7055 6209
9 4993 7055 5772
9 7332 6443 6962
9 7405 5771 5731
9 6703 5771 7129
9 6962 7787 7360
9 7129 6209 5771
9 7332 6962 7360
9 7332 7360 6937
9 5603 6048 7678
9 5771 6209 4869
9 5772 7787 7055
9 6209 5356 4869
9 6937 5313 7360
9 7360 5313 7787
9 5356 7055 4869
9 5313 4869 7787
9 7055 4869 7787
9 5970 5584 4650
9 6048 5584 4650
9 7705 7678 7405
9 125 26 130
9 31 26 130
9 5106 5603 6785
9 7678 5603 6785
9 7678 6048 7405
9 7405 6048 5731
9 6937 6048 5731
10 0 5 105
10 10 15 115
10 100 105 0
10 110 115 10
10 200 205 105
10 210 215 110
10 300 305 200
10 310 315 215
10 400 405 305
10 410 415 310
10 999 1359 415
10 1079 2159 115
10 1259 3759 1359
10 1483 1488 405
10 1993 3987 1488
10 2500 2505 5
10 2510 2515 10
10 2600 2700 200
10 2800 2900 300
10 3419 4997 999
10 3559 4659 2159
10 3982 5363 2900
10 4492 6284 3987
10 4650 5106 5970
10 4869 5313 5731
10 5001 5006 2505
10 5011 5517 2515
10 5100 5183 2600
10 5283 7381 5183
10 5356 6209 6635
10 5584 6048 7332
10 5603 7246 5106
10 5731 5771 4869
10 5757 6500 3759
10 5772 6635 8111
10 6279 7441 5363
10 6638 6712 4997
10 6937 7332 6048
10 7146 7171 5006
10 7241 7305 5100
10 7360 8111 5772
10 7405 7705 8460
10 7832 8460 7405
10 5 105 10
10 100 0 2600
10 110 10 105
10 200 105 100
10 205 105 210
10 210 110 105
10 215 110 115
10 305 200 205
10 310 215 210
10 315 215 1259
10 400 305 300
10 405 305 410
10 410 310 305
10 415 310 315
10 1359 415 315
10 2159 115 215
10 1259 1359 315
10 3759 1359 3419
10 1483 405 400
10 1488 405 410
10 1993 1488 410
10 3987 1488 1483
10 2500 5 0
10 2505 5 2510
10 2510 10 5
10 2515 10 15
10 2600 200 100
10 2700 200 300
10 2800 300 2700
10 2900 300 400
10 3419 999 1359
10 4997 999 1993
10 3559 2159 1079
10 4659 2159 3759
10 3982 2900 1483
10 5363 2900 2800
10 4492 3987 1993
10 6284 3987 3982
10 5313 5731 6937
10 5001 2505 2500
10 5006 2505 2510
10 5011 2515 2510
10 5517 2515 3559
10 5100 2600 2500
10 5183 2600 2700
10 5283 5183 2800
10 7381 5183 7305
10 5584 7332 6843
10 5603 5106 6048
10 7246 5106 5970
10 5757 3759 3419
10 6500 3759 4659
10 6635 8111 6638
10 6279 5363 3982
10 7441 5363 5283
10 6638 4997 3419
10 6712 4997 4492
10 7146 5006 5001
10 7171 5006 5011
10 7241 5100 5001
10 7305 5100 5183
10 7705 8460 7381
10 7832 7405 5771
10 0 2600 2500
10 205 210 310
10 305 205 310
10 215 1259 2159
10 1483 400 2900
10 1993 410 415
10 3987 1483 3982
10 2800 2700 5183
10 4997 1993 4492
10 999 1993 415
10 3559 1079 2515
10 2159 3759 1259
10 5363 2800 5283
10 6284 3982 6279
10 5001 2500 5100
10 5006 2510 5011
10 5517 3559 4659
10 7381 7305 7705
10 7332 6843 8415
10 5106 6048 4650
10 7246 5970 7171
10 5757 3419 6638
10 6635 6638 6712
10 8111 6638 5757
10 7441 5283 7381
10 6712 4492 6284
10 7146 5001 7241
10 7171 5011 5517
10 8460 7381 7441
10 7832 5771 6209
10 7405 5771 5731
10 6284 6279 7832
10 7305 7705 7241
10 7332 8415 7360
10 6843 8415 6500
10 7246 7171 7146
10 8111 5757 6500
10 6712 6284 7832
10 7146 7241 7246
10 8460 7441 7832
10 6279 7832 7441
10 7705 7241 7246
10 7332 7360 6937
10 8415 7360 8111
10 8415 6500 8111
10 5771 4869 6209
10 5356 4869 6209
10 6843 5970 5584
10 6937 5313 7360
10 7360 5313 5772
10 5356 6635 4869
10 5772 5313 6635
10 4869 5313 6635
10 6048 5584 4650
10 5970 5584 4650
10 7405 7705 5731
10 6937 5731 6048
10 5603 6048 7246
10 6500 6843 4659
10 4659 6843 5517
10 6843 5970 5517
10 7171 5970 5517
10 115 15 1079
10 2515 15 1079
10 6635 6209 6712
10 7832 6209 6712
10 7246 7705 6048
10 5731 7705 6048
11 0 5 105
11 10 15 115
11 100 105 0
11 110 115 10
11 200 205 105
11 210 215 110
11 300 305 200
11 310 315 215
11 400 405 305
11 410 415 310
11 499 1359 415
11 1079 2159 115
11 1259 3759 1359
11 1483 1488 405
11 1993 2939 499
11 2500 2505 5
11 2510 2515 10
11 2600 2700 200
11 2800 2900 300
11 3559 4659 2159
11 3982 3987 1483
11 4492 4997 1993
11 4650 5106 5970
11 4869 5313 5731
11 5000 5005 2505
11 5010 5015 2515
11 5100 5183 2600
11 5283 5363 2800
11 5333 6097 3759
11 5356 6209 6635
11 5584 5970 7659
11 5603 6048 5106
11 5731 5771 4869
11 6279 6284 3982
11 6375 7154 5015
11 6635 7079 7766
11 6712 8148 6284
11 6937 7332 6048
11 7144 7149 5005
11 7221 7288 5100
11 7246 7645 5106
11 7360 8052 7332
11 7365 7432 5283
11 7405 7705 8793
11 8198 8793 7432
11 5 105 10
11 100 0 2600
11 110 10 105
11 200 105 100
11 205 105 210
11 210 110 105
11 215 110 115
11 305 200 205
11 310 215 210
11 315 215 1259
11 400 305 300
11 405 305 410
11 410 310 305
11 415 310 315
11 1359 415 315
11 2159 115 215
11 1259 1359 315
11 3759 1359 5333
11 1483 405 400
11 1488 405 410
11 1993 499 415
11 2939 499 1359
11 2500 5 0
11 2505 5 2510
11 2510 10 5
11 2515 10 15
11 2600 200 100
11 2700 200 300
11 2800 300 2700
11 2900 300 400
11 3559 2159 1079
11 4659 2159 3759
11 3982 1483 2900
11 3987 1483 1488
11 4492 1993 3987
11 4997 1993 2939
11 5313 5731 6937
11 5000 2505 2500
11 5005 2505 5010
11 5010 2515 2510
11 5015 2515 3559
11 5100 2600 2500
11 5183 2600 2700
11 5283 2800 5183
11 5363 2800 2900
11 6097 3759 4659
11 6048 5106 4650
11 6279 3982 5363
11 6284 3982 3987
11 6375 5015 3559
11 7154 5015 5010
11 6712 6284 4492
11 8148 6284 8198
11 7332 6048 5584
11 7144 5005 5000
11 7149 5005 5010
11 7221 5100 5000
11 7288 5100 5183
11 7246 5106 5603
11 7645 5106 5970
11 7360 7332 6937
11 7365 5283 5183
11 7432 5283 5363
11 7705 8793 7288
11 8198 7432 6279
11 8793 7432 7365
11 0 2600 2500
11 205 210 310
11 305 205 310
11 215 1259 2159
11 1359 5333 2939
11 1483 400 2900
11 1488 410 1993
11 1993 415 410
11 2505 2510 5010
11 2800 2700 5183
11 3559 1079 2515
11 2159 3759 1259
11 3982 2900 5363
11 3987 1488 1993
11 4492 3987 6284
11 4997 2939 5333
11 5000 2500 5100
11 6097 4659 8052
11 6279 5363 7432
11 6375 3559 4659
11 7154 5010 7149
11 6712 4492 4997
11 8148 8198 8793
11 6284 8198 6279
11 7144 5000 7221
11 7288 5183 7365
11 7645 5970 7659
11 7705 7288 8699
11 8793 7288 7365
11 4997 5333 7079
11 6097 8052 8101
11 4659 8052 6375
11 7154 7149 7645
11 6712 4997 7079
11 8148 8793 7405
11 7144 7221 8699
11 7645 7659 7154
11 7288 8699 7221
11 5333 7079 8101
11 6097 8101 5333
11 8052 8101 7360
11 8052 6375 7659
11 7149 7645 8699
11 6712 7079 8188
11 8148 7405 5771
11 7144 8699 7149
11 7659 7154 6375
11 7079 8101 7766
11 8101 7360 7766
11 7645 8699 7246
11 6712 8188 8148
11 7079 8188 6635
11 8148 5771 6209
11 7405 5771 5731
11 8188 8148 6635
11 8148 6209 6635
11 7360 7766 6937
11 6937 7766 5313
11 5772 7766 5313
11 5771 6209 4869
11 6209 5356 4869
11 7766 5772 6635
11 5356 6635 4869
11 5772 5313 6635
11 4869 5313 6635
11 5970 5584 4650
11 6048 5584 4650
11 7405 5731 7705
11 8699 7705 7246
11 6937 6048 5731
11 5603 7246 6048
11 115 15 1079
11 2515 15 1079
11 8052 7659 7332
11 5584 7659 7332
11 7705 5731 7246
11 6048 5731 7246
12 0 5 105
12 10 15 115
12 100 105 0
12 110 115 10
12 200 205 105
12 210 215 110
12 300 305 200
12 310 315 215
12 400 405 305
12 410 415 310
12 499 1359 415
12 1079 2159 115
12 1259 3759 1359
12 1483 1488 405
12 1993 2939 499
12 2500 2505 5
12 2510 2515 10
12 2600 2700 200
12 2800 2900 300
12 3559 4659 2159
12 3982 3987 1483
12 4492 4997 1993
12 4650 5106 5970
12 4869 5313 5731
12 5000 5005 2505
12 5010 5015 2515
12 5100 5183 2600
12 5283 5363 2800
12 5333 6097 3759
12 5356 6209 6635
12 5584 5970 7649
12 5603 6048 5106
12 5731 5771 4869
12 6279 6284 3982
12 6356 6855 4659
12 6635 8148 6209
12 6712 7100 4997
12 6937 7332 6048
12 7142 7147 5005
12 7152 7645 7147
12 7241 7305 5100
12 7246 8737 7645
12 7360 9152 7332
12 7381 7441 5283
12 7405 7705 9193
12 7420 8072 6097
12 7649 8730 6855
12 8190 9229 7420
12 8219 9234 7441
12 9157 9193 8737
12 5 105 10
12 100 0 2600
12 110 10 105
12 200 105 100
12 205 105 210
12 210 110 105
12 215 110 115
12 305 200 205
12 310 215 210
12 315 215 1259
12 400 305 300
12 405 305 410
12 410 310 305
12 415 310 315
12 1359 415 315
12 2159 115 215
12 1259 1359 315
12 3759 1359 5333
12 1483 405 400
12 1488 405 410
12 1993 499 415
12 2939 499 1359
12 2500 5 0
12 2505 5 2510
12 2510 10 5
12 2515 10 15
12 2600 200 100
12 2700 200 300
12 2800 300 2700
12 2900 300 400
12 3559 2159 1079
12 4659 2159 3759
12 3982 1483 2900
12 3987 1483 1488
12 4492 1993 3987
12 4997 1993 2939
12 5313 5731 6937
12 5000 2505 2500
12 5005 2505 5010
12 5010 2515 2510
12 5015 2515 3559
12 5100 2600 2500
12 5183 2600 2700
12 5283 2800 5183
12 5363 2800 2900
12 6097 3759 4659
12 6048 5106 4650
12 6279 3982 5363
12 6284 3982 3987
12 6356 4659 3559
12 6855 4659 6097
12 8148 6209 5771
12 6712 4997 4492
12 7100 4997 5333
12 7332 6048 5584
12 7142 5005 5000
12 7147 5005 5010
12 7152 7147 5010
12 7645 7147 8658
12 7241 5100 5000
12 7305 5100 5183
12 7246 7645 5106
12 8737 7645 8658
12 7360 7332 6937
12 7381 5283 5183
12 7441 5283 5363
12 7420 6097 5333
12 8072 6097 6855
12 7649 6855 6356
12 8730 6855 8072
12 8190 7420 7100
12 9229 7420 8072
12 8219 7441 6279
12 9234 7441 7381
12 9157 8737 7241
12 9193 8737 7705
12 0 2600 2500
12 205 210 310
12 305 205 310
12 215 1259 2159
12 1359 5333 2939
12 1483 400 2900
12 1488 410 1993
12 1993 415 410
12 2505 2510 5010
12 2800 2700 5183
12 3559 1079 2515
12 2159 3759 1259
12 3982 2900 5363
12 3987 1488 1993
12 4492 3987 6284
12 4997 2939 5333
12 5000 2500 5100
12 5015 3559 6356
12 6279 5363 7441
12 8148 5771 7405
12 6712 4492 6284
12 7100 5333 7420
12 7332 5584 7649
12 7142 5000 7241
12 7152 5010 5015
12 7147 8658 7142
12 7305 5183 7381
12 7246 5106 5603
12 7645 5106 5970
12 8737 8658 7241
12 7649 6356 7152
12 8730 8072 9152
12 8190 7100 6712
12 9229 8072 9152
12 8219 6279 6284
12 9234 7381 9157
12 9157 7241 7305
12 5015 6356 7152
12 5771 7405 5731
12 6712 6284 8148
12 7142 7241 8658
12 7305 7381 9157
12 7645 5970 7649
12 7649 7152 7645
12 8190 6712 8148
12 9229 9152 7360
12 8219 6284 8148
12 9234 9157 9193
12 8190 8148 6635
12 9229 7360 7766
12 8219 8148 9234
12 8190 6635 7766
12 9229 7766 8190
12 7360 6937 7766
12 6937 7766 5313
12 5772 7766 5313
12 5771 6209 4869
12 6209 5356 4869
12 7766 5772 6635
12 5356 6635 4869
12 5772 5313 6635
12 4869 5313 6635
12 5970 5584 4650
12 6048 5584 4650
12 7405 5731 7705
12 8737 7705 7246
12 6937 6048 5731
12 5603 7246 6048
12 8730 7649 9152
12 7332 7649 9152
12 115 15 1079
12 2515 15 1079
12 9193 7405 9234
12 8148 7405 9234
12 7705 5731 7246
12 6048 5731 7246
13 0 5 105
13 10 15 115
13 100 105 0
13 110 115 10
13 200 205 105
13 210 215 110
13 300 305 200
13 310 315 215
13 400 405 305
13 410 415 310
13 499 1359 415
13 1079 2159 115
13 1259 3759 1359
13 1483 1488 405
13 1993 2939 499
13 2500 2505 5
13 2510 2515 10
13 2600 2700 200
13 2800 2900 300
13 3559 4659 2159
13 3982 3987 1483
13 4492 4997 1993
13 4650 5106 5970
13 4869 5313 5731
13 5000 5005 2505
13 5010 5015 2515
13 5100 5183 2600
13 5283 5363 2800
13 5333 6097 3759
13 5356 6209 6635
13 5584 5970 7649
13 5603 6048 5106
13 5731 5771 4869
13 6279 6284 3982
13 6356 6855 4659
13 6635 8508 6209
13 6712 7100 4997
13 6937 7332 6048
13 7141 7146 5005
13 7151 7156 5010
13 7241 7305 5100
13 7246 7645 5106
13 7360 9134 7332
13 7381 7441 5283
13 7405 7705 9176
13 7420 8072 6097
13 7649 8312 7645
13 8148 9254 7405
13 8219 8583 6284
13 8589 8883 7100
13 8641 8646 7151
13 8737 9006 8641
13 9092 9170 7305
13 9176 9248 9170
13 9212 9717 8883
13 5 105 10
13 100 0 2600
13 110 10 105
13 200 105 100
13 205 105 210
13 210 110 105
13 215 110 115
13 305 200 205
13 310 215 210
13 315 215 1259
13 400 305 300
13 405 305 410
13 410 310 305
13 415 310 315
13 1359 415 315
13 2159 115 215
13 1259 1359 315
13 3759 1359 5333
13 1483 405 400
13 1488 405 410
13 1993 499 415
13 2939 499 1359
13 2500 5 0
13 2505 5 2510
13 2510 10 5
13 2515 10 15
13 2600 200 100
13 2700 200 300
13 2800 300 2700
13 2900 300 400
13 3559 2159 1079
13 4659 2159 3759
13 3982 1483 2900
13 3987 1483 1488
13 4492 1993 3987
13 4997 1993 2939
13 5313 5731 6937
13 5000 2505 2500
13 5005 2505 5010
13 5010 2515 2510
13 5015 2515 3559
13 5100 2600 2500
13 5183 2600 2700
13 5283 2800 5183
13 5363 2800 2900
13 6097 3759 4659
13 6048 5106 4650
13 6279 3982 5363
13 6284 3982 3987
13 6356 4659 3559
13 6855 4659 6097
13 8508 6209 8148
13 6712 4997 4492
13 7100 4997 5333
13 7332 6048 5584
13 7141 5005 5000
13 7146 5005 7151
13 7151 5010 5005
13 7156 5010 5015
13 7241 5100 7141
13 7305 5100 5183
13 7246 5106 5603
13 7645 5106 5970
13 7360 7332 6937
13 9134 7332 7649
13 7381 5283 5183
13 7441 5283 5363
13 7420 6097 5333
13 8072 6097 6855
13 7649 7645 5970
13 8312 7645 8646
13 8148 7405 5771
13 9254 7405 9176
13 8219 6284 6279
13 8583 6284 6712
13 8589 7100 6712
13 8883 7100 7420
13 8641 7151 7146
13 8646 7151 7156
13 8737 8641 7246
13 9006 8641 7141
13 9092 7305 7241
13 9170 7305 7381
13 9176 9170 9092
13 9248 9170 7381
13 9717 8883 7420
13 0 2600 2500
13 205 210 310
13 305 205 310
13 215 1259 2159
13 1359 5333 2939
13 1483 400 2900
13 1488 410 1993
13 1993 415 410
13 2505 2510 5010
13 2800 2700 5183
13 3559 1079 2515
13 2159 3759 1259
13 3982 2900 5363
13 3987 1488 1993
13 4492 3987 6284
13 4997 2939 5333
13 5000 2500 5100
13 5015 3559 6356
13 6279 5363 7441
13 6209 8148 5771
13 6712 4492 6284
13 7100 5333 7420
13 7332 5584 7649
13 7141 5000 5100
13 7156 5015 6356
13 7241 7141 9006
13 7305 5183 7381
13 9134 7649 8312
13 8072 6855 9091
13 8312 8646 7156
13 7645 8646 8641
13 7405 5771 5731
13 9254 9176 9248
13 8219 6279 7441
13 8583 6712 8589
13 8641 7146 7141
13 8641 7246 7645
13 9092 7241 9006
13 9176 9092 8737
13 9248 7381 7441
13 9717 7420 8072
13 7156 6356 8312
13 9134 8312 9091
13 8072 9091 9134
13 6855 9091 8312
13 8219 7441 9248
13 8583 8589 8508
13 9092 9006 8737
13 9176 8737 7705
13 9717 8072 9134
13 6356 8312 6855
13 8589 8508 8883
13 9717 9134 9212
13 9134 9212 7360
13 5771 6209 4869
13 6209 5356 4869
13 5772 5313 7766
13 5356 6635 4869
13 4869 6635 5313
13 7766 6635 5313
13 5970 5584 4650
13 6048 5584 4650
13 7405 5731 7705
13 8737 7705 7246
13 6937 6048 5731
13 5603 7246 6048
13 6635 7766 8508
13 6937 7360 5313
13 5313 7360 5772
13 5772 7360 7766
13 8508 8583 8148
13 8148 8583 9254
13 8583 8219 9254
13 9248 8219 9254
13 115 15 1079
13 2515 15 1079
13 7360 7766 9212
13 8883 9212 8508
13 7766 9212 8508
13 7705 5731 7246
13 6048 5731 7246
14 0 5 105
14 10 15 115
14 100 105 0
14 110 115 10
14 200 205 105
14 210 215 110
14 300 305 200
14 310 315 215
14 400 405 305
14 410 415 310
14 499 1359 415
14 1079 2159 115
14 1259 3759 1359
14 1483 1488 405
14 1993 2939 499
14 2500 2505 5
14 2510 2515 10
14 2600 2700 200
14 2800 2900 300
14 3559 4659 2159
14 3982 3987 1483
14 4492 4997 1993
14 4650 5106 5970
14 4869 5313 5731
14 5000 5005 2505
14 5010 5015 2515
14 5100 5183 2600
14 5283 5363 2800
14 5333 6097 3759
14 5356 6209 6635
14 5584 5970 7649
14 5603 6048 5106
14 5731 5771 4869
14 6279 6284 3982
14 6356 6855 4659
14 6635 8508 6209
14 6712 7100 4997
14 6937 7332 6048
14 7141 7146 5005
14 7151 7156 5010
14 7241 7305 5100
14 7246 7645 5106
14 7360 9135 7332
14 7381 7441 5283
14 7405 7705 9193
14 7420 8072 6097
14 7649 9055 7645
14 8148 8583 8508
14 8219 9280 7441
14 8294 8732 6855
14 8588 8903 7100
14 8737 9130 9193
14 8947 8952 7146
14 9045 9122 7241
14 9087 10116 8732
14 9193 9202 9745
14 9212 9247 8903
14 9745 10340 8583
14 9982 10082 9122
14 5 105 10
14 100 0 2600
14 110 10 105
14 200 105 100
14 205 105 210
14 210 110 105
14 215 110 115
14 305 200 205
14 310 215 210
14 315 215 1259
14 400 305 300
14 405 305 410
14 410 310 305
14 415 310 315
14 1359 415 315
14 2159 115 215
14 1259 1359 315
14 3759 1359 5333
14 1483 405 400
14 1488 405 410
14 1993 499 415
14 2939 499 1359
14 2500 5 0
14 2505 5 2510
14 2510 10 5
14 2515 10 15
14 2600 200 100
14 2700 200 300
14 2800 300 2700
14 2900 300 400
14 3559 2159 1079
14 4659 2159 3759
14 3982 1483 2900
14 3987 1483 1488
14 4492 1993 3987
14 4997 1993 2939
14 5313 5731 6937
14 5000 2505 2500
14 5005 2505 5010
14 5010 2515 2510
14 5015 2515 3559
14 5100 2600 2500
14 5183 2600 2700
14 5283 2800 5183
14 5363 2800 2900
14 6097 3759 4659
14 6048 5106 4650
14 6279 3982 5363
14 6284 3982 3987
14 6356 4659 3559
14 6855 4659 6097
14 8508 6209 8148
14 6712 4997 4492
14 7100 4997 5333
14 7332 6048 5584
14 7141 5005 5000
14 7146 5005 7151
14 7151 5010 5005
14 7156 5010 5015
14 7241 5100 7141
14 7305 5100 5183
14 7246 5106 5603
14 7645 5106 5970
14 7360 7332 6937
14 9135 7332 9087
14 7381 5283 5183
14 7441 5283 5363
14 7420 6097 5333
14 8072 6097 6855
14 7649 7645 5970
14 8583 8508 8588
14 8219 7441 6279
14 9280 7441 9202
14 8294 6855 6356
14 8732 6855 8072
14 8588 7100 6712
14 8903 7100 7420
14 8737 9193 7705
14 9130 9193 10082
14 8947 7146 7141
14 8952 7146 7151
14 9045 7241 7141
14 9122 7241 7305
14 9087 8732 8294
14 10116 8732 8072
14 9193 9745 7405
14 9202 9745 9280
14 9212 8903 8508
14 9247 8903 7420
14 9745 8583 8148
14 10340 8583 8219
14 9982 9122 9045
14 10082 9122 9202
14 0 2600 2500
14 205 210 310
14 305 205 310
14 215 1259 2159
14 1359 5333 2939
14 1483 400 2900
14 1488 410 1993
14 1993 415 410
14 2505 2510 5010
14 2800 2700 5183
14 3559 1079 2515
14 2159 3759 1259
14 3982 2900 5363
14 3987 1488 1993
14 4492 3987 6284
14 4997 2939 5333
14 5000 2500 5100
14 5015 3559 6356
14 6279 5363 7441
14 6209 8148 5771
14 6712 4492 6284
14 7100 5333 7420
14 7332 5584 7649
14 7141 5000 5100
14 7156 5015 6356
14 7305 5183 7381
14 9135 9087 10116
14 7332 9087 7649
14 8583 8588 6712
14 8508 8588 8903
14 8219 6279 6284
14 7441 9202 7381
14 8294 6356 7156
14 9130 10082 9982
14 9193 10082 9202
14 8947 7141 9045
14 8952 7151 8957
14 9122 7305 7381
14 9087 8294 9055
14 10116 8072 9247
14 9745 7405 8148
14 9745 9280 10340
14 9247 7420 8072
14 10340 8219 9280
14 8583 8219 6284
14 9982 9045 8947
14 9122 9202 7381
14 8148 5771 7405
14 6712 6284 8583
14 9135 10116 9212
14 9087 7649 9055
14 8294 7156 8957
14 9130 9982 9055
14 8952 8957 9055
14 7151 8957 7156
14 8294 9055 8957
14 10116 9247 9212
14 9982 8947 8952
14 5771 7405 5731
14 9135 9212 7360
14 9982 9055 8952
14 5771 6209 4869
14 6209 5356 4869
14 5772 5313 7766
14 5356 6635 4869
14 4869 6635 5313
14 7766 6635 5313
14 5970 5584 4650
14 6048 5584 4650
14 8737 7705 9130
14 7645 9055 7246
14 7405 5731 7705
14 6937 6048 5731
14 9055 9130 7246
14 9130 7705 7246
14 5603 7246 6048
14 6635 7766 8508
14 8508 7766 9212
14 9212 7766 7360
14 7360 7766 6937
14 7766 5772 6937
14 5313 5772 6937
14 115 15 1079
14 2515 15 1079
14 7705 5731 7246
14 6048 5731 7246
15 0 5 105
15 10 15 115
15 100 105 0
15 110 115 10
15 200 205 105
15 210 215 110
15 300 305 200
15 310 315 215
15 400 405 305
15 410 415 310
15 499 1359 415
15 1079 2159 115
15 1259 3759 1359
15 1483 1488 405
15 1993 2939 499
15 2500 2505 5
15 2510 2515 10
15 2600 2700 200
15 2800 2900 300
15 3559 4659 2159
15 3982 3987 1483
15 4492 4997 1993
15 4650 5106 5970
15 4869 5313 5731
15 5000 5005 2505
15 5010 5015 2515
15 5100 5183 2600
15 5283 5363 2800
15 5333 6097 3759
15 5356 6209 6635
15 5584 5970 7649
15 5603 6048 5106
15 5731 5771 4869
15 6279 6284 3982
15 6356 6855 4659
15 6635 8508 6209
15 6712 7100 4997
15 6937 7332 6048
15 7141 7146 5005
15 7151 7156 5010
15 7241 7305 5100
15 7246 7645 5106
15 7360 9135 7332
15 7381 7441 5283
15 7405 7705 9193
15 7420 8072 6097
15 7649 9055 7645
15 8219 8583 6284
15 8295 8732 6855
15 8588 8904 7100
15 8737 9130 9193
15 8945 8950 7141
15 8955 9974 8295
15 9045 9122 7241
15 9193 10661 9130
15 9202 9280 7441
15 9211 10137 9135
15 9247 10293 8904
15 10326 10360 8583
15 10461 10561 9045
15 5 105 10
15 100 0 2600
15 110 10 105
15 200 105 100
15 205 105 210
15 210 110 105
15 215 110 115
15 305 200 205
15 310 215 210
15 315 215 1259
15 400 305 300
15 405 305 410
15 410 310 305
15 415 310 315
15 1359 415 315
15 2159 115 215
15 1259 1359 315
15 3759 1359 5333
15 1483 405 400
15 1488 405 410
15 1993 499 415
15 2939 499 1359
15 2500 5 0
15 2505 5 2510
15 2510 10 5
15 2515 10 15
15 2600 200 100
15 2700 200 300
15 2800 300 2700
15 2900 300 400
15 3559 2159 1079
15 4659 2159 3759
15 3982 1483 2900
15 3987 1483 1488
15 4492 1993 3987
15 4997 1993 2939
15 5313 5731 6937
15 5000 2505 2500
15 5005 2505 5010
15 5010 2515 2510
15 5015 2515 3559
15 5100 2600 2500
15 5183 2600 2700
15 5283 2800 5183
15 5363 2800 2900
15 6097 3759 4659
15 6048 5106 4650
15 6279 3982 5363
15 6284 3982 3987
15 6356 4659 3559
15 6855 4659 6097
15 8508 6209 8148
15 6712 4997 4492
15 7100 4997 5333
15 7332 6048 5584
15 7141 5005 5000
15 7146 5005 7151
15 7151 5010 5005
15 7156 5010 5015
15 7241 5100 7141
15 7305 5100 5183
15 7246 5106 5603
15 7645 5106 5970
15 7360 7332 6937
15 9135 7332 9087
15 7381 5283 5183
15 7441 5283 5363
15 7420 6097 5333
15 8072 6097 6855
15 7649 7645 5970
15 8219 6284 6279
15 8583 6284 6712
15 8295 6855 6356
15 8732 6855 8072
15 8588 7100 6712
15 8904 7100 7420
15 8737 9193 7705
15 8950 7141 7146
15 8955 8295 7156
15 9974 8295 8732
15 9045 7241 7141
15 9122 7241 7305
15 9202 7441 7381
15 9280 7441 8219
15 9211 9135 7360
15 10137 9135 10553
15 9247 8904 7420
15 10293 8904 8588
15 10326 8583 8588
15 10360 8583 8219
15 10461 9045 8945
15 10561 9045 9122
15 0 2600 2500
15 205 210 310
15 305 205 310
15 215 1259 2159
15 1359 5333 2939
15 1483 400 2900
15 1488 410 1993
15 1993 415 410
15 2505 2510 5010
15 2800 2700 5183
15 3559 1079 2515
15 2159 3759 1259
15 3982 2900 5363
15 3987 1488 1993
15 4492 3987 6284
15 4997 2939 5333
15 5000 2500 5100
15 5015 3559 6356
15 6279 5363 7441
15 6209 8148 5771
15 6712 4492 6284
15 7100 5333 7420
15 7332 5584 7649
15 7141 5000 5100
15 7146 7151 8955
15 7156 5015 6356
15 7305 5183 7381
15 7332 9087 7649
15 8219 6279 7441
15 8583 6712 8588
15 8295 6356 7156
15 8950 7146 8955
15 8955 7156 7151
15 9045 7141 8945
15 9122 7305 7381
15 9202 7381 9122
15 9280 8219 10360
15 9247 7420 8072
15 10293 8588 10326
15 10461 8945 8950
15 10561 9122 9202
15 8148 5771 7405
15 9087 7649 9055
15 8950 8955 10461
15 9280 10360 10761
15 10561 9202 10661
15 5771 7405 5731
15 8955 10461 9055
15 9280 10761 9202
15 10360 10761 10326
15 9202 10661 10761
15 8955 9055 9974
15 10461 9055 9130
15 10761 10326 9241
15 10661 10761 9241
15 10661 9241 9193
15 9211 10137 10293
15 9247 10293 10137
15 5771 6209 4869
15 6209 5356 4869
15 9193 9241 7405
15 8148 9241 7405
15 5772 5313 7766
15 5356 6635 4869
15 4869 6635 5313
15 7766 6635 5313
15 5970 5584 4650
15 6048 5584 4650
15 8737 7705 9130
15 7405 5731 7705
15 9055 9130 7645
15 7246 7645 5603
15 6937 6048 5731
15 6048 5603 5731
15 8148 8508 9241
15 6635 7766 8508
15 9241 8508 10326
15 10326 8508 10293
15 10293 8508 9211
15 6937 7360 5313
15 5313 7360 5772
15 5772 7360 7766
15 10661 10561 9130
15 10461 10561 9130
15 115 15 1079
15 2515 15 1079
15 9247 8072 10137
15 8072 8732 10137
15 9135 10553 9087
15 9087 10553 9055
15 9055 10553 9974
15 10137 8732 10553
15 9974 8732 10553
15 7360 9211 7766
15 8508 9211 7766
15 9130 7705 7645
15 7645 7705 5603
15 5731 7705 5603
16 0 5 105
16 10 15 115
16 100 105 0
16 110 115 10
16 200 205 105
16 210 215 110
16 300 305 200
16 310 315 215
16 400 405 305
16 410 415 310
16 499 1359 415
16 1079 2159 115
16 1259 3759 1359
16 1483 1488 405
16 1993 2939 499
16 2500 2505 5
16 2510 2515 10
16 2600 2700 200
16 2800 2900 300
16 3559 4659 2159
16 3982 3987 1483
16 4492 4997 1993
16 5000 5005 2505
16 5010 5015 2515
16 5100 5183 2600
16 5283 5363 2800
16 5333 6097 3759
16 6279 6284 3982
16 6356 6855 4659
16 6712 7100 4997
16 7141 7146 5005
16 7151 7156 5010
16 7241 7305 5100
16 7381 7441 5283
16 7420 8072 6097
16 8219 8583 6284
16 8295 8732 6855
16 8588 8904 7100
16 8945 8950 7141
16 8955 9393 7151
16 9045 9122 7241
16 9202 9280 7441
16 9247 10137 8072
16 10248 10332 10845
16 10360 10845 8583
16 10456 10491 9393
16 10925 10940 8950
16 11041 11086 10925
16 11091 11192 10137
16 11141 11241 9202
16 5 105 10
16 100 0 2600
16 110 10 105
16 200 105 100
16 205 105 210
16 210 110 105
16 215 110 115
16 305 200 205
16 310 215 210
16 315 215 1259
16 400 305 300
16 405 305 410
16 410 310 305
16 415 310 315
16 1359 415 315
16 2159 115 215
16 1259 1359 315
16 3759 1359 5333
16 1483 405 400
16 1488 405 410
16 1993 499 415
16 2939 499 1359
16 2500 5 0
16 2505 5 2510
16 2510 10 5
16 2515 10 15
16 2600 200 100
16 2700 200 300
16 2800 300 2700
16 2900 300 400
16 3559 2159 1079
16 4659 2159 3759
16 3982 1483 2900
16 3987 1483 1488
16 4492 1993 3987
16 4997 1993 2939
16 5000 2505 2500
16 5005 2505 5010
16 5010 2515 2510
16 5015 2515 3559
16 5100 2600 2500
16 5183 2600 2700
16 5283 2800 5183
16 5363 2800 2900
16 6097 3759 4659
16 6279 3982 5363
16 6284 3982 3987
16 6356 4659 3559
16 6855 4659 6097
16 6712 4997 4492
16 7100 4997 5333
16 7141 5005 5000
16 7146 5005 7151
16 7151 5010 5005
16 7156 5010 5015
16 7241 5100 7141
16 7305 5100 5183
16 7381 5283 5183
16 7441 5283 5363
16 7420 6097 5333
16 8072 6097 6855
16 8219 6284 6279
16 8583 6284 6712
16 8295 6855 6356
16 8588 7100 6712
16 8904 7100 7420
16 8950 7141 7146
16 8955 7151 7146
16 9393 7151 7156
16 9045 7241 7141
16 9122 7241 7305
16 9202 7441 7381
16 9280 7441 8219
16 9247 8072 7420
16 10332 10845 8583
16 10360 8583 8219
16 10491 9393 8955
16 10925 8950 8955
16 10940 8950 8945
16 11041 10925 10940
16 11091 10137 10456
16 11141 9202 9122
16 11241 9202 9280
16 0 2600 2500
16 205 210 310
16 305 205 310
16 215 1259 2159
16 1359 5333 2939
16 1483 400 2900
16 1488 410 1993
16 1993 415 410
16 2505 2510 5010
16 2800 2700 5183
16 3559 1079 2515
16 2159 3759 1259
16 3982 2900 5363
16 3987 1488 1993
16 4492 3987 6284
16 4997 2939 5333
16 5000 2500 5100
16 5015 3559 6356
16 6279 5363 7441
16 6712 4492 6284
16 7100 5333 7420
16 7141 5000 5100
16 7156 5015 6356
16 7305 5183 7381
16 8219 6279 7441
16 8583 6712 8588
16 8295 6356 7156
16 8904 7420 9247
16 8950 7146 8955
16 9393 7156 8295
16 9045 7141 8945
16 9122 7305 7381
16 9202 7381 9122
16 9280 8219 10360
16 10332 8583 8588
16 10491 8955 10925
16 10940 8945 9045
16 11041 10940 9045
16 11091 10456 10491
16 10137 10456 8732
16 11141 9122 11041
16 11241 9280 10360
16 8904 9247 10332
16 10332 8588 8904
16 10491 10925 9101
16 11041 9045 9122
16 11141 11041 11086
16 11241 10360 10845
16 11141 11086 10248
16 11241 10845 10248
16 11141 10248 11241
16 11086 10248 9178
16 11086 9178 11091
16 10248 10332 11192
16 9178 9101 11091
16 10491 9101 11091
16 8732 8295 10456
16 9393 8295 10456
16 10248 9178 11192
16 10925 11086 9101
16 11091 11192 11086
16 9178 9101 11192
16 11086 9101 11192
16 10137 9247 11192
16 10332 9247 11192
16 115 15 1079
16 2515 15 1079
16 6855 8732 8072
16 10137 8732 8072
17 0 5 105
17 10 15 115
17 100 105 0
17 110 115 10
17 200 205 105
17 210 215 110
17 300 305 200
17 310 315 215
17 400 405 305
17 410 415 310
17 499 1359 415
17 1079 2159 115
17 1259 3759 1359
17 1483 1488 405
17 1993 2939 499
17 2500 2505 5
17 2510 2515 10
17 2600 2700 200
17 2800 2900 300
17 3559 4659 2159
17 3982 3987 1483
17 4492 4997 1993
17 5000 5005 2505
17 5010 5015 2515
17 5100 5183 2600
17 5283 5363 2800
17 5333 6097 3759
17 6279 6284 3982
17 6356 6855 4659
17 6712 7100 4997
17 7141 7146 5005
17 7151 7156 5010
17 7241 7305 5100
17 7381 7441 5283
17 7420 8072 6097
17 8219 8583 6284
17 8295 8732 6855
17 8588 8904 7100
17 8945 8950 7141
17 8955 9393 7151
17 9045 9122 7241
17 9178 10749 11126
17 9202 9280 7441
17 9247 10137 8072
17 10360 10845 8583
17 10436 10449 9393
17 10528 11033 10449
17 10850 10855 8588
17 10940 11041 9045
17 11126 11131 10528
17 11141 11241 9202
17 5 105 10
17 100 0 2600
17 110 10 105
17 200 105 100
17 205 105 210
17 210 110 105
17 215 110 115
17 305 200 205
17 310 215 210
17 315 215 1259
17 400 305 300
17 405 305 410
17 410 310 305
17 415 310 315
17 1359 415 315
17 2159 115 215
17 1259 1359 315
17 3759 1359 5333
17 1483 405 400
17 1488 405 410
17 1993 499 415
17 2939 499 1359
17 2500 5 0
17 2505 5 2510
17 2510 10 5
17 2515 10 15
17 2600 200 100
17 2700 200 300
17 2800 300 2700
17 2900 300 400
17 3559 2159 1079
17 4659 2159 3759
17 3982 1483 2900
17 3987 1483 1488
17 4492 1993 3987
17 4997 1993 2939
17 5000 2505 2500
17 5005 2505 5010
17 5010 2515 2510
17 5015 2515 3559
17 5100 2600 2500
17 5183 2600 2700
17 5283 2800 5183
17 5363 2800 2900
17 6097 3759 4659
17 6279 3982 5363
17 6284 3982 3987
17 6356 4659 3559
17 6855 4659 6097
17 6712 4997 4492
17 7100 4997 5333
17 7141 5005 5000
17 7146 5005 7151
17 7151 5010 5005
17 7156 5010 5015
17 7241 5100 7141
17 7305 5100 5183
17 7381 5283 5183
17 7441 5283 5363
17 7420 6097 5333
17 8072 6097 6855
17 8219 6284 6279
17 8583 6284 6712
17 8295 6855 6356
17 8732 6855 8072
17 8588 7100 6712
17 8904 7100 7420
17 8950 7141 7146
17 8955 7151 7146
17 9393 7151 7156
17 9045 7241 7141
17 9122 7241 7305
17 9202 7441 7381
17 9280 7441 8219
17 9247 8072 7420
17 10137 8072 8732
17 10360 8583 8219
17 10845 8583 10850
17 10436 9393 8295
17 10449 9393 8955
17 11033 10449 10436
17 10850 8588 8583
17 10855 8588 8904
17 10940 9045 8945
17 11041 9045 9122
17 11126 10528 11041
17 11131 10528 11033
17 11141 9202 9122
17 11241 9202 9280
17 0 2600 2500
17 205 210 310
17 305 205 310
17 215 1259 2159
17 1359 5333 2939
17 1483 400 2900
17 1488 410 1993
17 1993 415 410
17 2505 2510 5010
17 2800 2700 5183
17 3559 1079 2515
17 2159 3759 1259
17 3982 2900 5363
17 3987 1488 1993
17 4492 3987 6284
17 4997 2939 5333
17 5000 2500 5100
17 5015 3559 6356
17 6279 5363 7441
17 6712 4492 6284
17 7100 5333 7420
17 7141 5000 5100
17 7156 5015 6356
17 7305 5183 7381
17 8219 6279 7441
17 8583 6712 8588
17 8295 6356 7156
17 8904 7420 9247
17 8950 7146 8955
17 9393 7156 8295
17 9045 7141 8945
17 9122 7305 7381
17 9202 7381 9122
17 9280 8219 10360
17 10137 8732 11033
17 10845 10850 10749
17 10436 8295 8732
17 10449 8955 8950
17 11033 10436 8732
17 10855 8904 9247
17 10940 8945 8950
17 11041 9122 11141
17 11126 11041 11141
17 10528 11041 10449
17 11131 11033 10137
17 11241 9280 10360
17 10845 10749 11241
17 10850 10749 10855
17 10449 8950 10940
17 10855 9247 11234
17 11126 11141 11241
17 11041 10449 10940
17 11131 10137 11234
17 11241 10360 10845
17 10749 11241 11126
17 10749 10855 11234
17 9247 11234 10137
17 11131 11234 10749
17 10749 9178 11131
17 11126 9178 11131
17 115 15 1079
17 2515 15 1079
